==== Python output
Table Coordinates:
Frame 0:
  Point 0: (1.4121921366711736, 3.731696261843513, 1.4422747236456905)
  Point 1: (-2.0762699960382376, 2.598261939418857, 2.6340345095914626)
  Point 2: (2.5646281526188517, -1.011077574617723, 3.2249658256948948)
  Point 3: (3.0239591491754423, 2.4781858034561215, 1.6475030159810542)
  Point 4: (-2.3206749144106045, 0.7416636747886551, 3.4733849390938976)
  Point 5: (0.708456221742217, -1.6141653808605314, 3.859087962861966)
  Point 6: (0.5520484582931402, 1.1540941206714819, 2.713541829478161)
  Point 7: (0.0, 0.0, 0.0)
Frame 1:
  Point 0: (1.5788588033378403, 3.8983629285101795, 2.4422747236456903)
  Point 1: (-1.9096033293715708, 2.7649286060855234, 3.6340345095914626)
  Point 2: (2.731294819285518, -0.8444109079510563, 4.224965825694895)
  Point 3: (3.190625815842109, 2.644852470122788, 2.647503015981054)
  Point 4: (-2.154008247743938, 0.9083303414553218, 4.473384939093897)
  Point 5: (0.8751228884088836, -1.4474987141938647, 4.859087962861966)
  Point 6: (0.7187151249598068, 1.3207607873381486, 3.713541829478161)
  Point 7: (0.16666666666666666, 0.16666666666666666, 1.0)
Frame 2:
  Point 0: (1.7455254700045069, 4.0650295951768465, 3.4422747236456903)
  Point 1: (-1.7429366627049043, 2.9315952727521903, 4.634034509591462)
  Point 2: (2.897961485952185, -0.6777442412843897, 5.224965825694895)
  Point 3: (3.3572924825087758, 2.811519136789455, 3.647503015981054)
  Point 4: (-1.9873415810772712, 1.0749970081219886, 5.473384939093897)
  Point 5: (1.0417895550755503, -1.2808320475271981, 5.859087962861965)
  Point 6: (0.8853817916264735, 1.4874274540048151, 4.71354182947816)
  Point 7: (0.3333333333333333, 0.3333333333333333, 2.0)
Frame 3:
  Point 0: (1.9121921366711736, 4.231696261843513, 4.44227472364569)
  Point 1: (-1.5762699960382376, 3.098261939418857, 5.634034509591462)
  Point 2: (3.0646281526188517, -0.5110775746177232, 6.224965825694895)
  Point 3: (3.5239591491754423, 2.9781858034561215, 4.647503015981054)
  Point 4: (-1.8206749144106045, 1.2416636747886551, 6.473384939093897)
  Point 5: (1.208456221742217, -1.1141653808605314, 6.859087962861965)
  Point 6: (1.0520484582931402, 1.6540941206714819, 5.71354182947816)
  Point 7: (0.5, 0.5, 3.0)

Slider Coordinates:
Frame 0:
  Slider 0: (0.913683345540361, 6.940114029616673, 8.753741362604169)
  Slider 1: (-0.913683345540361, 6.940114029616673, 9.251942993918592)
  Slider 2: (5.553473382038648, -4.261330003061042, 9.89599748099176)
  Slider 3: (6.467156727579008, -2.6787840265556264, 6.702209002329264)
  Slider 4: (-6.467156727579006, -2.678784026555632, 9.398520051091957)
  Slider 5: (-5.553473382038645, -4.261330003061046, 8.075811465803897)
Frame 1:
  Slider 0: (0.913683345540361, 6.940114029616673, 9.811487154378119)
  Slider 1: (-0.913683345540361, 6.940114029616673, 10.385032218444477)
  Slider 2: (5.553473382038648, -4.261330003061042, 10.885294050145205)
  Slider 3: (6.467156727579008, -2.6787840265556264, 7.639821078331063)
  Slider 4: (-6.467156727579006, -2.678784026555632, 10.176836587149293)
  Slider 5: (-5.553473382038645, -4.261330003061046, 8.700377260660321)
Frame 2:
  Slider 0: (0.913683345540361, 6.940114029616673, 10.861299469177194)
  Slider 1: (-0.913683345540361, 6.940114029616673, 11.507470063362025)
  Slider 2: (5.553473382038648, -4.261330003061042, 11.866213423679397)
  Slider 3: (6.467156727579008, -2.6787840265556264, 8.565359820707759)
  Slider 4: (-6.467156727579006, -2.678784026555632, 10.936020218596664)
  Slider 5: (-5.553473382038645, -4.261330003061046, 9.267773740018082)
Frame 3:
  Slider 0: (0.913683345540361, 6.940114029616673, 11.9033372075849)
  Slider 1: (-0.913683345540361, 6.940114029616673, 12.619816602358505)
  Slider 2: (5.553473382038648, -4.261330003061042, 12.838683097165553)
  Slider 3: (6.467156727579008, -2.6787840265556264, 9.47826696765746)
  Slider 4: (-6.467156727579006, -2.678784026555632, 11.673413456411815)
  Slider 5: (-5.553473382038645, -4.261330003061046, 9.75247056360482)

==== Transformation matrices for transition between state_A and state_B
==== state_A:
Linear coordinates (x, y, z) in cm:        (0.000000, 0.000000, 0.000000)
Euler angles (phi, theta, psi) in radians: (0.000000, 0.000000, 0.000000)

==== state_B:
Linear coordinates (x, y, z) in cm:        (0.000000, 0.000000, 0.000000)
Euler angles (phi, theta, psi) in radians: (-0.314150, 0.314150, 0.314150)

==== T_0B, transformation matrix for (0,0,0,0,0,0) -> (state_B):
 0.904514 -0.384698  0.184016  0.000000
 0.293885  0.875008  0.384698  0.000000
-0.309008 -0.293885  0.904514  0.000000
 0.000000  0.000000  0.000000  1.000000

==== T_0A, transformation matrix for (0,0,0,0,0,0) -> (state_A):
 1.000000  0.000000  0.000000  0.000000
 0.000000  1.000000  0.000000  0.000000
-0.000000  0.000000  1.000000  0.000000
 0.000000  0.000000  0.000000  1.000000

==== T_A0, transformation matrix for (state_A) -> (0,0,0,0,0,0), an inverse of T_0A:
 1.000000  0.000000  0.000000 -0.000000
-0.000000  1.000000  0.000000 -0.000000
-0.000000 -0.000000  1.000000 -0.000000
-0.000000 -0.000000 -0.000000  1.000000

==== T_AB, transformation matrix for (state_A) -> (state_B):
 0.904514 -0.384698  0.184016  0.000000
 0.293885  0.875008  0.384698  0.000000
-0.309008 -0.293885  0.904514  0.000000
 0.000000  0.000000  0.000000  1.000000

==== Transformation matrices for transition between state_A and state_B
==== state_A:
Linear coordinates (x, y, z) in cm:        (0.000000, 0.000000, 0.000000)
Euler angles (phi, theta, psi) in radians: (-0.314150, 0.314150, 0.314150)

==== state_B:
Linear coordinates (x, y, z) in cm:        (0.500000, 0.500000, 3.000000)
Euler angles (phi, theta, psi) in radians: (-0.314150, 0.314150, 0.314150)

==== T_0B, transformation matrix for (0,0,0,0,0,0) -> (state_B):
 0.904514 -0.384698  0.184016  0.500000
 0.293885  0.875008  0.384698  0.500000
-0.309008 -0.293885  0.904514  3.000000
 0.000000  0.000000  0.000000  1.000000

==== T_0A, transformation matrix for (0,0,0,0,0,0) -> (state_A):
 0.904514 -0.384698  0.184016  0.000000
 0.293885  0.875008  0.384698  0.000000
-0.309008 -0.293885  0.904514  0.000000
 0.000000  0.000000  0.000000  1.000000

==== T_A0, transformation matrix for (state_A) -> (0,0,0,0,0,0), an inverse of T_0A:
 0.904514  0.293885 -0.309008 -0.000000
-0.384698  0.875008 -0.293885 -0.000000
 0.184016  0.384698  0.904514 -0.000000
-0.000000 -0.000000 -0.000000  1.000000

==== T_AB, transformation matrix for (state_A) -> (state_B):
 1.000000 -0.000000  0.000000  0.500000
-0.000000  1.000000  0.000000  0.500000
 0.000000  0.000000  1.000000  3.000000
 0.000000  0.000000  0.000000  1.000000

==== Table point coordinates (x, y, z) in cm for state_0:
0: (1.928363, 2.298133, 3.000000)
1: (-1.928363, 2.298133, 3.000000)
2: (1.026060, -2.819078, 3.000000)
3: (2.954423, 0.520945, 3.000000)
4: (-2.954423, 0.520945, 3.000000)
5: (-1.026060, -2.819078, 3.000000)
6: (0.000000, 0.000000, 3.000000) <-- table centroid
7: (0.000000, 0.000000, 0.000000) <-- needle end

==== Slider coordinates (x, y, z) in cm for state_0:
Slider 0: (0.913683, 6.940114, 0.000000)
Slider 1: (-0.913683, 6.940114, 0.000000)
Slider 2: (5.553473, -4.261330, 0.000000)
Slider 3: (6.467157, -2.678784, 0.000000)
Slider 4: (-6.467157, -2.678784, 0.000000)
Slider 5: (-5.553473, -4.261330, 0.000000)

==== Homotopy frames
==== Transformation matrix for frame 0: (0.000)T + (1.000)Id:
 1.000000  0.000000  0.000000  0.000000
 0.000000  1.000000  0.000000  0.000000
 0.000000  0.000000  1.000000  0.000000
 0.000000  0.000000  0.000000  1.000000

==== Transformation matrix for frame 1: (0.333)T + (0.667)Id:
 1.000000 -0.000000  0.000000  0.166667
-0.000000  1.000000  0.000000  0.166667
 0.000000  0.000000  1.000000  1.000000
 0.000000  0.000000  0.000000  1.000000

==== Transformation matrix for frame 2: (0.667)T + (0.333)Id:
 1.000000 -0.000000  0.000000  0.333333
-0.000000  1.000000  0.000000  0.333333
 0.000000  0.000000  1.000000  2.000000
 0.000000  0.000000  0.000000  1.000000

==== Transformation matrix for frame 3: (1.000)T + (0.000)Id:
 1.000000 -0.000000  0.000000  0.500000
-0.000000  1.000000  0.000000  0.500000
 0.000000  0.000000  1.000000  3.000000
 0.000000  0.000000  0.000000  1.000000

==== Table point coordinates (x, y, z) in cm for frame 0:
0: (1.412192, 3.731696, 1.442275)
1: (-2.076270, 2.598262, 2.634035)
2: (2.564628, -1.011078, 3.224966)
3: (3.023959, 2.478186, 1.647503)
4: (-2.320675, 0.741664, 3.473385)
5: (0.708456, -1.614165, 3.859088)
6: (0.552048, 1.154094, 2.713542) <-- table centroid
7: (0.000000, 0.000000, 0.000000) <-- needle end

==== Table point coordinates (x, y, z) in cm for frame 1:
0: (1.578859, 3.898363, 2.442275)
1: (-1.909603, 2.764929, 3.634035)
2: (2.731295, -0.844411, 4.224966)
3: (3.190626, 2.644852, 2.647503)
4: (-2.154008, 0.908330, 4.473385)
5: (0.875123, -1.447499, 4.859088)
6: (0.718715, 1.320761, 3.713542) <-- table centroid
7: (0.166667, 0.166667, 1.000000) <-- needle end

==== Table point coordinates (x, y, z) in cm for frame 2:
0: (1.745525, 4.065030, 3.442275)
1: (-1.742937, 2.931595, 4.634035)
2: (2.897961, -0.677744, 5.224966)
3: (3.357292, 2.811519, 3.647503)
4: (-1.987342, 1.074997, 5.473385)
5: (1.041790, -1.280832, 5.859088)
6: (0.885382, 1.487427, 4.713542) <-- table centroid
7: (0.333333, 0.333333, 2.000000) <-- needle end

==== Table point coordinates (x, y, z) in cm for frame 3:
0: (1.912192, 4.231696, 4.442275)
1: (-1.576270, 3.098262, 5.634035)
2: (3.064628, -0.511078, 6.224966)
3: (3.523959, 2.978186, 4.647503)
4: (-1.820675, 1.241664, 6.473385)
5: (1.208456, -1.114165, 6.859088)
6: (1.052048, 1.654094, 5.713542) <-- table centroid
7: (0.500000, 0.500000, 3.000000) <-- needle end

==== Slider coordinates (x, y, z) in cm for frame 0:
Slider 0: (0.913683, 6.940114, 8.753741)
Slider 1: (-0.913683, 6.940114, 9.251943)
Slider 2: (5.553473, -4.261330, 9.895997)
Slider 3: (6.467157, -2.678784, 6.702209)
Slider 4: (-6.467157, -2.678784, 9.398520)
Slider 5: (-5.553473, -4.261330, 8.075811)

==== Slider coordinates (x, y, z) in cm for frame 1:
Slider 0: (0.913683, 6.940114, 9.811487)
Slider 1: (-0.913683, 6.940114, 10.385032)
Slider 2: (5.553473, -4.261330, 10.885294)
Slider 3: (6.467157, -2.678784, 7.639821)
Slider 4: (-6.467157, -2.678784, 10.176837)
Slider 5: (-5.553473, -4.261330, 8.700377)

==== Slider coordinates (x, y, z) in cm for frame 2:
Slider 0: (0.913683, 6.940114, 10.861299)
Slider 1: (-0.913683, 6.940114, 11.507470)
Slider 2: (5.553473, -4.261330, 11.866213)
Slider 3: (6.467157, -2.678784, 8.565360)
Slider 4: (-6.467157, -2.678784, 10.936020)
Slider 5: (-5.553473, -4.261330, 9.267774)

==== Slider coordinates (x, y, z) in cm for frame 3:
Slider 0: (0.913683, 6.940114, 11.903337)
Slider 1: (-0.913683, 6.940114, 12.619817)
Slider 2: (5.553473, -4.261330, 12.838683)
Slider 3: (6.467157, -2.678784, 9.478267)
Slider 4: (-6.467157, -2.678784, 11.673413)
Slider 5: (-5.553473, -4.261330, 9.752471)
