
==== Transformation matrices for transition between state_A and state_B
==== state_A:
Linear coordinates (x, y, z) in cm:        (0.000000, 0.000000, 0.000000)
Euler angles (phi, theta, psi) in radians: (0.000000, 0.000000, 0.000000)

==== state_B:
Linear coordinates (x, y, z) in cm:        (-2.580000, 1.770000, 1.940000)
Euler angles (phi, theta, psi) in radians: (0.710000, 1.220000, 0.470000)

==== T_0B, transformation matrix for (0,0,0,0,0,0) -> (state_B):
 0.306384  0.202310  0.930161 -2.580000
 0.155632  0.953360 -0.258619  1.770000
-0.939099  0.224000  0.260608  1.940000
 0.000000  0.000000  0.000000  1.000000

==== T_0A, transformation matrix for (0,0,0,0,0,0) -> (state_A):
 1.000000  0.000000  0.000000  0.000000
 0.000000  1.000000  0.000000  0.000000
-0.000000  0.000000  1.000000  0.000000
 0.000000  0.000000  0.000000  1.000000

==== T_A0, transformation matrix for (state_A) -> (0,0,0,0,0,0), an inverse of T_0A:
 1.000000  0.000000  0.000000 -0.000000
-0.000000  1.000000  0.000000 -0.000000
-0.000000 -0.000000  1.000000 -0.000000
-0.000000 -0.000000 -0.000000  1.000000

==== T_AB, transformation matrix for (state_A) -> (state_B):
 0.306384  0.202310  0.930161 -2.580000
 0.155632  0.953360 -0.258619  1.770000
-0.939099  0.224000  0.260608  1.940000
 0.000000  0.000000  0.000000  1.000000

==== Transformation matrices for transition between state_A and state_B
==== state_A:
Linear coordinates (x, y, z) in cm:        (-2.580000, 1.770000, 1.940000)
Euler angles (phi, theta, psi) in radians: (0.710000, 1.220000, 0.470000)

==== state_B:
Linear coordinates (x, y, z) in cm:        (0.000000, -1.450000, -2.580000)
Euler angles (phi, theta, psi) in radians: (0.200000, -0.610000, -0.410000)

==== T_0B, transformation matrix for (0,0,0,0,0,0) -> (state_B):
 0.751716  0.286285 -0.594107  0.000000
-0.326719  0.944206  0.041595 -1.450000
 0.572867  0.162839  0.803310 -2.580000
 0.000000  0.000000  0.000000  1.000000

==== T_0A, transformation matrix for (0,0,0,0,0,0) -> (state_A):
 0.306384  0.202310  0.930161 -2.580000
 0.155632  0.953360 -0.258619  1.770000
-0.939099  0.224000  0.260608  1.940000
 0.000000  0.000000  0.000000  1.000000

==== T_A0, transformation matrix for (state_A) -> (0,0,0,0,0,0), an inverse of T_0A:
 0.306384  0.155632 -0.939099  2.336853
 0.202310  0.953360  0.224000 -1.600047
 0.930161 -0.258619  0.260608  2.351992
-0.000000 -0.000000 -0.000000  1.000000

==== T_AB, transformation matrix for (state_A) -> (state_B):
-0.264384  0.543572 -0.796637 -0.098755
 0.129611  0.838562  0.529164 -3.626438
 0.955669  0.036650 -0.292155  0.387535
 0.000000  0.000000  0.000000  1.000000

==== Table point coordinates (x, y, z) in cm for state_0:
0: (1.928363, 2.298133, 3.000000)
1: (-1.928363, 2.298133, 3.000000)
2: (1.026060, -2.819078, 3.000000)
3: (2.954423, 0.520945, 3.000000)
4: (-2.954423, 0.520945, 3.000000)
5: (-1.026060, -2.819078, 3.000000)
6: (0.000000, 0.000000, 3.000000) <-- table centroid
7: (0.000000, 0.000000, 0.000000) <-- needle end

==== Slider coordinates (x, y, z) in cm for state_0:
Slider 0: (0.913683, 6.940114, 0.000000)
Slider 1: (-0.913683, 6.940114, 0.000000)
Slider 2: (5.553473, -4.261330, 0.000000)
Slider 3: (6.467157, -2.678784, 0.000000)
Slider 4: (-6.467157, -2.678784, 0.000000)
Slider 5: (-5.553473, -4.261330, 0.000000)

==== Homotopy frames
==== Transformation matrix for frame 0: (0.000)T + (1.000)Id:
 1.000000  0.000000  0.000000  0.000000
 0.000000  1.000000  0.000000  0.000000
 0.000000  0.000000  1.000000  0.000000
 0.000000  0.000000  0.000000  1.000000

==== Transformation matrix for frame 1: (0.111)T + (0.889)Id:
 0.859513  0.060397 -0.088515 -0.010973
 0.014401  0.982062  0.058796 -0.402938
 0.106185  0.004072  0.856427  0.043059
 0.000000  0.000000  0.000000  1.000000

==== Transformation matrix for frame 2: (0.222)T + (0.778)Id:
 0.719026  0.120794 -0.177031 -0.021946
 0.028802  0.964125  0.117592 -0.805875
 0.212371  0.008144  0.712854  0.086119
 0.000000  0.000000  0.000000  1.000000

==== Transformation matrix for frame 3: (0.333)T + (0.667)Id:
 0.578539  0.181191 -0.265546 -0.032918
 0.043204  0.946187  0.176388 -1.208813
 0.318556  0.012217  0.569282  0.129178
 0.000000  0.000000  0.000000  1.000000

==== Transformation matrix for frame 4: (0.444)T + (0.556)Id:
 0.438052  0.241587 -0.354061 -0.043891
 0.057605  0.928250  0.235184 -1.611750
 0.424742  0.016289  0.425709  0.172238
 0.000000  0.000000  0.000000  1.000000

==== Transformation matrix for frame 5: (0.556)T + (0.444)Id:
 0.297565  0.301984 -0.442576 -0.054864
 0.072006  0.910312  0.293980 -2.014688
 0.530927  0.020361  0.282136  0.215297
 0.000000  0.000000  0.000000  1.000000

==== Transformation matrix for frame 6: (0.667)T + (0.333)Id:
 0.157078  0.362381 -0.531092 -0.065837
 0.086407  0.892375  0.352776 -2.417625
 0.637112  0.024433  0.138563  0.258357
 0.000000  0.000000  0.000000  1.000000

==== Transformation matrix for frame 7: (0.778)T + (0.222)Id:
 0.016590  0.422778 -0.619607 -0.076809
 0.100808  0.874437  0.411572 -2.820563
 0.743298  0.028505 -0.005009  0.301416
 0.000000  0.000000  0.000000  1.000000

==== Transformation matrix for frame 8: (0.889)T + (0.111)Id:
-0.123897  0.483175 -0.708122 -0.087782
 0.115209  0.856500  0.470368 -3.223500
 0.849483  0.032577 -0.148582  0.344476
 0.000000  0.000000  0.000000  1.000000

==== Transformation matrix for frame 9: (1.000)T + (0.000)Id:
-0.264384  0.543572 -0.796637 -0.098755
 0.129611  0.838562  0.529164 -3.626438
 0.955669  0.036650 -0.292155  0.387535
 0.000000  0.000000  0.000000  1.000000

==== Table point coordinates (x, y, z) in cm for frame 0:
0: (1.266238, 3.485206, 1.425681)
1: (0.084600, 2.884975, 5.047529)
2: (-0.045476, -1.533764, 1.126778)
3: (1.221063, 1.950594, 0.064018)
4: (-0.589311, 1.030986, 5.613012)
5: (-0.674212, -1.853141, 3.053923)
6: (0.210483, 0.994143, 2.721823) <-- table centroid
7: (-2.580000, 1.770000, 1.940000) <-- needle end

==== Table point coordinates (x, y, z) in cm for frame 1:
0: (1.161676, 3.121812, 1.412700)
1: (-0.210798, 2.728281, 4.386633)
2: (-0.242431, -1.843595, 0.996988)
3: (1.150690, 1.534017, 0.235488)
4: (-0.952062, 0.931091, 4.791818)
5: (-0.972710, -2.052989, 2.579385)
6: (-0.010939, 0.736436, 2.400502) <-- table centroid
7: (-2.293333, 1.412222, 1.437778) <-- needle end

==== Table point coordinates (x, y, z) in cm for frame 2:
0: (1.057114, 2.758419, 1.399719)
1: (-0.506196, 2.571587, 3.725736)
2: (-0.439387, -2.153425, 0.867198)
3: (1.080316, 1.117439, 0.406959)
4: (-1.314814, 0.831196, 3.970624)
5: (-1.271207, -2.252836, 2.104846)
6: (-0.232362, 0.478730, 2.079180) <-- table centroid
7: (-2.006667, 1.054444, 0.935556) <-- needle end

==== Table point coordinates (x, y, z) in cm for frame 3:
0: (0.952552, 2.395025, 1.386737)
1: (-0.801594, 2.414893, 3.064839)
2: (-0.636342, -2.463256, 0.737408)
3: (1.009943, 0.700862, 0.578429)
4: (-1.677565, 0.731301, 3.149430)
5: (-1.569704, -2.452684, 1.630308)
6: (-0.453785, 0.221023, 1.757859) <-- table centroid
7: (-1.720000, 0.696667, 0.433333) <-- needle end

==== Table point coordinates (x, y, z) in cm for frame 4:
0: (0.847990, 2.031631, 1.373756)
1: (-1.096992, 2.258198, 2.403942)
2: (-0.833298, -2.773086, 0.607619)
3: (0.939570, 0.284284, 0.749900)
4: (-2.040316, 0.631406, 2.328236)
5: (-1.868202, -2.652532, 1.155769)
6: (-0.675208, -0.036683, 1.436537) <-- table centroid
7: (-1.433333, 0.338889, -0.068889) <-- needle end

==== Table point coordinates (x, y, z) in cm for frame 5:
0: (0.743428, 1.668237, 1.360775)
1: (-1.392390, 2.101504, 1.743045)
2: (-1.030254, -3.082917, 0.477829)
3: (0.869197, -0.132294, 0.921370)
4: (-2.403067, 0.531511, 1.507042)
5: (-2.166699, -2.852380, 0.681231)
6: (-0.896631, -0.294390, 1.115215) <-- table centroid
7: (-1.146667, -0.018889, -0.571111) <-- needle end

==== Table point coordinates (x, y, z) in cm for frame 6:
0: (0.638866, 1.304843, 1.347794)
1: (-1.687788, 1.944810, 1.082149)
2: (-1.227209, -3.392747, 0.348039)
3: (0.798824, -0.548871, 1.092841)
4: (-2.765818, 0.431616, 0.685848)
5: (-2.465196, -3.052228, 0.206692)
6: (-1.118054, -0.552096, 0.793894) <-- table centroid
7: (-0.860000, -0.376667, -1.073333) <-- needle end

==== Table point coordinates (x, y, z) in cm for frame 7:
0: (0.534305, 0.941449, 1.334813)
1: (-1.983186, 1.788116, 0.421252)
2: (-1.424165, -3.702578, 0.218249)
3: (0.728451, -0.965449, 1.264311)
4: (-3.128569, 0.331720, -0.135346)
5: (-2.763694, -3.252076, -0.267846)
6: (-1.339476, -0.809803, 0.472572) <-- table centroid
7: (-0.573333, -0.734444, -1.575556) <-- needle end

==== Table point coordinates (x, y, z) in cm for frame 8:
0: (0.429743, 0.578055, 1.321832)
1: (-2.278584, 1.631422, -0.239645)
2: (-1.621120, -4.012408, 0.088460)
3: (0.658078, -1.382027, 1.435781)
4: (-3.491320, 0.231825, -0.956540)
5: (-3.062191, -3.451923, -0.742385)
6: (-1.560899, -1.067509, 0.151251) <-- table centroid
7: (-0.286667, -1.092222, -2.077778) <-- needle end

==== Table point coordinates (x, y, z) in cm for frame 9:
0: (0.325181, 0.214661, 1.308851)
1: (-2.573982, 1.474728, -0.900542)
2: (-1.818076, -4.322239, -0.041330)
3: (0.587705, -1.798604, 1.607252)
4: (-3.854071, 0.131930, -1.777734)
5: (-3.360688, -3.651771, -1.216923)
6: (-1.782322, -1.325216, -0.170071) <-- table centroid
7: (-0.000000, -1.450000, -2.580000) <-- needle end

==== Slider coordinates (x, y, z) in cm for frame 0:
Slider 0: (0.913683, 6.940114, 8.632575)
Slider 1: (-0.913683, 6.940114, 11.870965)
Slider 2: (5.553473, -4.261330, 6.147948)
Slider 3: (6.467157, -2.678784, 3.943110)
Slider 4: (-6.467157, -2.678784, 9.573888)
Slider 5: (-5.553473, -4.261330, 8.918515)

==== Slider coordinates (x, y, z) in cm for frame 1:
Slider 0: (0.913683, 6.940114, 8.438301)
Slider 1: (-0.913683, 6.940114, 11.151720)
Slider 2: (5.553473, -4.261330, 5.952999)
Slider 3: (6.467157, -2.678784, 4.476654)
Slider 4: (-6.467157, -2.678784, 9.325309)
Slider 5: (-5.553473, -4.261330, 8.755130)

==== Slider coordinates (x, y, z) in cm for frame 2:
Slider 0: (0.913683, 6.940114, 8.218285)
Slider 1: (-0.913683, 6.940114, 10.415274)
Slider 2: (5.553473, -4.261330, 5.729539)
Slider 3: (6.467157, -2.678784, 4.942446)
Slider 4: (-6.467157, -2.678784, 8.983946)
Slider 5: (-5.553473, -4.261330, 8.556834)

==== Slider coordinates (x, y, z) in cm for frame 3:
Slider 0: (0.913683, 6.940114, 7.970099)
Slider 1: (-0.913683, 6.940114, 9.661035)
Slider 2: (5.553473, -4.261330, 5.475879)
Slider 3: (6.467157, -2.678784, 5.353031)
Slider 4: (-6.467157, -2.678784, 8.574476)
Slider 5: (-5.553473, -4.261330, 8.327948)

==== Slider coordinates (x, y, z) in cm for frame 4:
Slider 0: (0.913683, 6.940114, 7.690597)
Slider 1: (-0.913683, 6.940114, 8.888236)
Slider 2: (5.553473, -4.261330, 5.189570)
Slider 3: (6.467157, -2.678784, 5.716389)
Slider 4: (-6.467157, -2.678784, 8.111464)
Slider 5: (-5.553473, -4.261330, 8.071732)

==== Slider coordinates (x, y, z) in cm for frame 5:
Slider 0: (0.913683, 6.940114, 7.375617)
Slider 1: (-0.913683, 6.940114, 8.095895)
Slider 2: (5.553473, -4.261330, 4.867121)
Slider 3: (6.467157, -2.678784, 6.037837)
Slider 4: (-6.467157, -2.678784, 7.604351)
Slider 5: (-5.553473, -4.261330, 7.790704)

==== Slider coordinates (x, y, z) in cm for frame 6:
Slider 0: (0.913683, 6.940114, 7.019495)
Slider 1: (-0.913683, 6.940114, 7.282770)
Slider 2: (5.553473, -4.261330, 4.503507)
Slider 3: (6.467157, -2.678784, 6.320983)
Slider 4: (-6.467157, -2.678784, 7.059662)
Slider 5: (-5.553473, -4.261330, 7.486844)

==== Slider coordinates (x, y, z) in cm for frame 7:
Slider 0: (0.913683, 6.940114, 6.614215)
Slider 1: (-0.913683, 6.940114, 6.447285)
Slider 2: (5.553473, -4.261330, 4.091280)
Slider 3: (6.467157, -2.678784, 6.568247)
Slider 4: (-6.467157, -2.678784, 6.482108)
Slider 5: (-5.553473, -4.261330, 7.161725)

==== Slider coordinates (x, y, z) in cm for frame 8:
Slider 0: (0.913683, 6.940114, 6.147804)
Slider 1: (-0.913683, 6.940114, 5.587433)
Slider 2: (5.553473, -4.261330, 3.618792)
Slider 3: (6.467157, -2.678784, 6.781155)
Slider 4: (-6.467157, -2.678784, 5.875206)
Slider 5: (-5.553473, -4.261330, 6.816608)

==== Slider coordinates (x, y, z) in cm for frame 9:
Slider 0: (0.913683, 6.940114, 5.600931)
Slider 1: (-0.913683, 6.940114, 4.700616)
Slider 2: (5.553473, -4.261330, 3.066170)
Slider 3: (6.467157, -2.678784, 6.960506)
Slider 4: (-6.467157, -2.678784, 5.241644)
Slider 5: (-5.553473, -4.261330, 6.452505)
