
==== Transformation matrices for transition between state_A and state_B
==== state_A:
Linear coordinates (x, y, z) in cm:        (0.000000, 0.000000, 0.000000)
Euler angles (phi, theta, psi) in radians: (0.000000, 0.000000, 0.000000)

==== state_B:
Linear coordinates (x, y, z) in cm:        (0.000000, 0.000000, 0.000000)
Euler angles (phi, theta, psi) in radians: (-0.314159, 0.314159, 0.314159)

==== T_0B, transformation matrix for (0,0,0,0,0,0) -> (state_B):
 0.904508 -0.384710  0.184017  0.000000
 0.293893  0.875000  0.384710  0.000000
-0.309017 -0.293893  0.904508  0.000000
 0.000000  0.000000  0.000000  1.000000

==== T_0A, transformation matrix for (0,0,0,0,0,0) -> (state_A):
 1.000000  0.000000  0.000000  0.000000
 0.000000  1.000000  0.000000  0.000000
-0.000000  0.000000  1.000000  0.000000
 0.000000  0.000000  0.000000  1.000000

==== T_A0, transformation matrix for (state_A) -> (0,0,0,0,0,0), an inverse of T_0A:
 1.000000  0.000000  0.000000 -0.000000
-0.000000  1.000000  0.000000 -0.000000
-0.000000 -0.000000  1.000000 -0.000000
-0.000000 -0.000000 -0.000000  1.000000

==== T_AB, transformation matrix for (state_A) -> (state_B):
 0.904508 -0.384710  0.184017  0.000000
 0.293893  0.875000  0.384710  0.000000
-0.309017 -0.293893  0.904508  0.000000
 0.000000  0.000000  0.000000  1.000000

==== Transformation matrices for transition between state_A and state_B
==== state_A:
Linear coordinates (x, y, z) in cm:        (0.000000, 0.000000, 0.000000)
Euler angles (phi, theta, psi) in radians: (-0.314159, 0.314159, 0.314159)

==== state_B:
Linear coordinates (x, y, z) in cm:        (0.500000, 0.500000, 3.000000)
Euler angles (phi, theta, psi) in radians: (-0.314159, 0.314159, 0.314159)

==== T_0B, transformation matrix for (0,0,0,0,0,0) -> (state_B):
 0.904508 -0.384710  0.184017  0.500000
 0.293893  0.875000  0.384710  0.500000
-0.309017 -0.293893  0.904508  3.000000
 0.000000  0.000000  0.000000  1.000000

==== T_0A, transformation matrix for (0,0,0,0,0,0) -> (state_A):
 0.904508 -0.384710  0.184017  0.000000
 0.293893  0.875000  0.384710  0.000000
-0.309017 -0.293893  0.904508  0.000000
 0.000000  0.000000  0.000000  1.000000

==== T_A0, transformation matrix for (state_A) -> (0,0,0,0,0,0), an inverse of T_0A:
 0.904508  0.293893 -0.309017 -0.000000
-0.384710  0.875000 -0.293893 -0.000000
 0.184017  0.384710  0.904508 -0.000000
-0.000000 -0.000000 -0.000000  1.000000

==== T_AB, transformation matrix for (state_A) -> (state_B):
 1.000000 -0.000000 -0.000000  0.500000
 0.000000  1.000000 -0.000000  0.500000
 0.000000 -0.000000  1.000000  3.000000
 0.000000  0.000000  0.000000  1.000000

==== Table point coordinates (x, y, z) in cm for state_0:
0: (1.928363, 2.298133, 3.000000)
1: (-1.928363, 2.298133, 3.000000)
2: (1.026060, -2.819078, 3.000000)
3: (2.954423, 0.520945, 3.000000)
4: (-2.954423, 0.520945, 3.000000)
5: (-1.026060, -2.819078, 3.000000)
6: (0.000000, 0.000000, 3.000000) <-- table centroid
7: (0.000000, 0.000000, 0.000000) <-- needle end

==== Slider coordinates (x, y, z) in cm for state_0:
Slider 0: (0.913683, 6.940114, 0.000000)
Slider 1: (-0.913683, 6.940114, 0.000000)
Slider 2: (5.553473, -4.261330, 0.000000)
Slider 3: (6.467157, -2.678784, 0.000000)
Slider 4: (-6.467157, -2.678784, 0.000000)
Slider 5: (-5.553473, -4.261330, 0.000000)

==== Homotopy frames
==== Transformation matrix for frame 0: (0.000)T + (1.000)Id:
 1.000000  0.000000  0.000000  0.000000
 0.000000  1.000000  0.000000  0.000000
 0.000000  0.000000  1.000000  0.000000
 0.000000  0.000000  0.000000  1.000000

==== Transformation matrix for frame 1: (0.500)T + (0.500)Id:
 1.000000 -0.000000 -0.000000  0.250000
 0.000000  1.000000 -0.000000  0.250000
 0.000000 -0.000000  1.000000  1.500000
 0.000000  0.000000  0.000000  1.000000

==== Transformation matrix for frame 2: (1.000)T + (0.000)Id:
 1.000000 -0.000000 -0.000000  0.500000
 0.000000  1.000000 -0.000000  0.500000
 0.000000 -0.000000  1.000000  3.000000
 0.000000  0.000000  0.000000  1.000000

==== Table point coordinates (x, y, z) in cm for frame 0:
0: (1.412156, 3.731730, 1.442224)
1: (-2.076285, 2.598266, 2.634018)
2: (2.564660, -1.011010, 3.224962)
3: (3.023939, 2.478241, 1.647457)
4: (-2.320663, 0.741675, 3.473391)
5: (0.708499, -1.614113, 3.859102)
6: (0.552051, 1.154131, 2.713525) <-- table centroid
7: (0.000000, 0.000000, 0.000000) <-- needle end

==== Table point coordinates (x, y, z) in cm for frame 1:
0: (1.662156, 3.981730, 2.942224)
1: (-1.826285, 2.848266, 4.134018)
2: (2.814660, -0.761010, 4.724962)
3: (3.273939, 2.728241, 3.147457)
4: (-2.070663, 0.991675, 4.973391)
5: (0.958499, -1.364113, 5.359102)
6: (0.802051, 1.404131, 4.213525) <-- table centroid
7: (0.250000, 0.250000, 1.500000) <-- needle end

==== Table point coordinates (x, y, z) in cm for frame 2:
0: (1.912156, 4.231730, 4.442224)
1: (-1.576285, 3.098266, 5.634018)
2: (3.064660, -0.511010, 6.224962)
3: (3.523939, 2.978241, 4.647457)
4: (-1.820663, 1.241675, 6.473391)
5: (1.208499, -1.114113, 6.859102)
6: (1.052051, 1.654131, 5.713525) <-- table centroid
7: (0.500000, 0.500000, 3.000000) <-- needle end

==== Slider coordinates (x, y, z) in cm for frame 0:
Slider 0: (0.913683, 6.940114, 8.753708)
Slider 1: (-0.913683, 6.940114, 9.251927)
Slider 2: (5.553473, -4.261330, 9.895975)
Slider 3: (6.467157, -2.678784, 6.702093)
Slider 4: (-6.467157, -2.678784, 9.398511)
Slider 5: (-5.553473, -4.261330, 8.075729)

==== Slider coordinates (x, y, z) in cm for frame 1:
Slider 0: (0.913683, 6.940114, 10.337341)
Slider 1: (-0.913683, 6.940114, 10.947530)
Slider 2: (5.553473, -4.261330, 11.376778)
Slider 3: (6.467157, -2.678784, 8.104012)
Slider 4: (-6.467157, -2.678784, 10.558959)
Slider 5: (-5.553473, -4.261330, 8.992330)

==== Slider coordinates (x, y, z) in cm for frame 2:
Slider 0: (0.913683, 6.940114, 11.903304)
Slider 1: (-0.913683, 6.940114, 12.619801)
Slider 2: (5.553473, -4.261330, 12.838653)
Slider 3: (6.467157, -2.678784, 9.478144)
Slider 4: (-6.467157, -2.678784, 11.673400)
Slider 5: (-5.553473, -4.261330, 9.752327)
