
==== Slider coordinates (x, y, z) in cm for state_0:
Slider 0: (0.913683, 6.940114, 20.000000)
Slider 1: (-0.913683, 6.940114, 20.000000)
Slider 2: (5.553473, -4.261330, 20.000000)
Slider 3: (6.467157, -2.678784, 20.000000)
Slider 4: (-6.467157, -2.678784, 20.000000)
Slider 5: (-5.553473, -4.261330, 20.000000)

==== Table point coordinates (x, y, z) in cm for state_0:
0: (1.606969, 1.915111, 13.813830)
1: (-1.606969, 1.915111, 13.813830)
2: (0.855050, -2.349232, 13.813830)
3: (2.462019, 0.434120, 13.813830)
4: (-2.462019, 0.434120, 13.813830)
5: (-0.855050, -2.349232, 13.813830)
6: (0.000000, 0.000000, 13.813830) <-- table centroid
7: (0.000000, 0.000000, 10.813830) <-- needle end

==== Transformation matrices for transition between state_A and state_B
==== state_A:
Linear coordinates (x, y, z) in cm:        (0.000000, 0.000000, 10.813830)
Euler angles (phi, theta, psi) in radians: (0.000000, 0.000000, 0.000000)

==== state_B:
Linear coordinates (x, y, z) in cm:        (-2.580000, 1.770000, 3.940000)
Euler angles (phi, theta, psi) in radians: (0.710000, 1.220000, 0.470000)

==== M_0B, transformation matrix for (state_0) -> (state_B):
 0.306384  0.202310  0.930161 -2.580000
 0.155632  0.953360 -0.258619  1.770000
-0.939099  0.224000  0.260608  3.940000
 0.000000  0.000000  0.000000  1.000000

==== M_0A, transformation matrix for (state_0) -> (state_A):
 1.000000  0.000000  0.000000  0.000000
 0.000000  1.000000  0.000000  0.000000
-0.000000  0.000000  1.000000 10.813830
 0.000000  0.000000  0.000000  1.000000

==== M_A0, transformation matrix for (state_A) -> (state_0), an inverse of M_0A:
 1.000000  0.000000  0.000000 -0.000000
-0.000000  1.000000  0.000000 -0.000000
 0.000000  0.000000  1.000000 -10.813830
-0.000000 -0.000000 -0.000000  1.000000

==== M_AB, transformation matrix for (state_A) -> (state_B):
 0.306384  0.202310  0.930161 -12.638604
 0.155632  0.953360 -0.258619  4.566662
-0.939099  0.224000  0.260608  1.121831
 0.000000  0.000000  0.000000  1.000000

==== Slider coordinates (x, y, z) in cm for state_0:
Slider 0: (0.913683, 6.940114, 20.000000)
Slider 1: (-0.913683, 6.940114, 20.000000)
Slider 2: (5.553473, -4.261330, 20.000000)
Slider 3: (6.467157, -2.678784, 20.000000)
Slider 4: (-6.467157, -2.678784, 20.000000)
Slider 5: (-5.553473, -4.261330, 20.000000)

==== Intermediate transformation frames
==== Transformation matrices for transition between state_A and state_B
==== state_A:
Linear coordinates (x, y, z) in cm:        (-2.580000, 1.770000, 3.940000)
Euler angles (phi, theta, psi) in radians: (0.710000, 1.220000, 0.470000)

==== state_B:
Linear coordinates (x, y, z) in cm:        (-2.580000, 1.770000, 3.940000)
Euler angles (phi, theta, psi) in radians: (0.710000, 1.220000, 0.470000)

==== M_0B, transformation matrix for (state_0) -> (state_B):
 0.306384  0.202310  0.930161 -2.580000
 0.155632  0.953360 -0.258619  1.770000
-0.939099  0.224000  0.260608  3.940000
 0.000000  0.000000  0.000000  1.000000

==== M_0A, transformation matrix for (state_0) -> (state_A):
 0.306384  0.202310  0.930161 -2.580000
 0.155632  0.953360 -0.258619  1.770000
-0.939099  0.224000  0.260608  3.940000
 0.000000  0.000000  0.000000  1.000000

==== M_A0, transformation matrix for (state_A) -> (state_0), an inverse of M_0A:
 0.306384  0.155632 -0.939099  4.215052
 0.202310  0.953360  0.224000 -2.048047
 0.930161 -0.258619  0.260608  1.830777
-0.000000 -0.000000 -0.000000  1.000000

==== M_AB, transformation matrix for (state_A) -> (state_B):
 1.000000  0.000000  0.000000  0.000000
 0.000000  1.000000  0.000000 -0.000000
-0.000000 -0.000000  1.000000 -0.000000
 0.000000  0.000000  0.000000  1.000000

==== Intermediate state T for frame 0 (progress = 0.000000):
Linear coordinates (x, y, z) in cm:        (-2.580000, 1.770000, 3.940000)
Euler angles (phi, theta, psi) in radians: (0.710000, 1.220000, 0.470000)

==== Transformation matrix M_AT for frame 0 (progress = 0.000000):
 1.000000  0.000000  0.000000  0.000000
 0.000000  1.000000  0.000000 -0.000000
-0.000000 -0.000000  1.000000 -0.000000
 0.000000  0.000000  0.000000  1.000000

==== Transformation matrices for transition between state_A and state_B
==== state_A:
Linear coordinates (x, y, z) in cm:        (-2.580000, 1.770000, 3.940000)
Euler angles (phi, theta, psi) in radians: (0.710000, 1.220000, 0.470000)

==== state_B:
Linear coordinates (x, y, z) in cm:        (-1.290000, 0.160000, 2.470000)
Euler angles (phi, theta, psi) in radians: (0.455000, 0.305000, 0.030000)

==== M_0B, transformation matrix for (state_0) -> (state_B):
 0.953418  0.104964  0.282802 -1.290000
 0.028611  0.901815 -0.431174  0.160000
-0.300293  0.419180  0.856804  2.470000
 0.000000  0.000000  0.000000  1.000000

==== M_0A, transformation matrix for (state_0) -> (state_A):
 0.306384  0.202310  0.930161 -2.580000
 0.155632  0.953360 -0.258619  1.770000
-0.939099  0.224000  0.260608  3.940000
 0.000000  0.000000  0.000000  1.000000

==== M_A0, transformation matrix for (state_A) -> (state_0), an inverse of M_0A:
 0.306384  0.155632 -0.939099  4.215052
 0.202310  0.953360  0.224000 -2.048047
 0.930161 -0.258619  0.260608  1.830777
-0.000000 -0.000000 -0.000000  1.000000

==== M_AB, transformation matrix for (state_A) -> (state_B):
 0.576399  0.175314 -0.798142  3.031481
-0.209849  0.975717  0.062771 -2.355745
 0.789765  0.131308  0.599191  1.914365
 0.000000  0.000000  0.000000  1.000000

==== Intermediate state T for frame 1 (progress = 0.500000):
Linear coordinates (x, y, z) in cm:        (-1.290000, 0.160000, 2.470000)
Euler angles (phi, theta, psi) in radians: (0.455000, 0.305000, 0.030000)

==== Transformation matrix M_AT for frame 1 (progress = 0.500000):
 0.576399  0.175314 -0.798142  3.031481
-0.209849  0.975717  0.062771 -2.355745
 0.789765  0.131308  0.599191  1.914365
 0.000000  0.000000  0.000000  1.000000

==== Transformation matrices for transition between state_A and state_B
==== state_A:
Linear coordinates (x, y, z) in cm:        (-2.580000, 1.770000, 3.940000)
Euler angles (phi, theta, psi) in radians: (0.710000, 1.220000, 0.470000)

==== state_B:
Linear coordinates (x, y, z) in cm:        (0.000000, -1.450000, 1.000000)
Euler angles (phi, theta, psi) in radians: (0.200000, -0.610000, -0.410000)

==== M_0B, transformation matrix for (state_0) -> (state_B):
 0.751716  0.286285 -0.594107  0.000000
-0.326719  0.944206  0.041595 -1.450000
 0.572867  0.162839  0.803310  1.000000
 0.000000  0.000000  0.000000  1.000000

==== M_0A, transformation matrix for (state_0) -> (state_A):
 0.306384  0.202310  0.930161 -2.580000
 0.155632  0.953360 -0.258619  1.770000
-0.939099  0.224000  0.260608  3.940000
 0.000000  0.000000  0.000000  1.000000

==== M_A0, transformation matrix for (state_A) -> (state_0), an inverse of M_0A:
 0.306384  0.155632 -0.939099  4.215052
 0.202310  0.953360  0.224000 -2.048047
 0.930161 -0.258619  0.260608  1.830777
-0.000000 -0.000000 -0.000000  1.000000

==== M_AB, transformation matrix for (state_A) -> (state_B):
-0.264384  0.543572 -0.796637  1.494520
 0.129611  0.838562  0.529164 -4.684766
 0.955669  0.036650 -0.292155  4.551845
 0.000000  0.000000  0.000000  1.000000

==== Intermediate state T for frame 2 (progress = 1.000000):
Linear coordinates (x, y, z) in cm:        (0.000000, -1.450000, 1.000000)
Euler angles (phi, theta, psi) in radians: (0.200000, -0.610000, -0.410000)

==== Transformation matrix M_AT for frame 2 (progress = 1.000000):
-0.264384  0.543572 -0.796637  1.494520
 0.129611  0.838562  0.529164 -4.684766
 0.955669  0.036650 -0.292155  4.551845
 0.000000  0.000000  0.000000  1.000000

==== Table point coordinates (x, y, z) in cm for frame 0:
0: (1.090278, 3.070029, 3.641705)
1: (0.105580, 2.569836, 6.659912)
2: (-0.002816, -1.112446, 3.392619)
3: (1.052633, 1.791186, 2.506986)
4: (-0.456012, 1.024846, 7.131147)
5: (-0.526763, -1.378593, 4.998573)
6: (0.210483, 0.994143, 4.721823) <-- table centroid
7: (-2.580000, 1.770000, 3.940000) <-- needle end

==== Table point coordinates (x, y, z) in cm for frame 1:
0: (1.291538, 0.639533, 5.360625)
1: (-1.772688, 0.547579, 6.325748)
2: (0.127041, -3.227630, 3.798894)
3: (1.951307, -0.671583, 4.483058)
4: (-2.743359, -0.812465, 5.961713)
5: (-1.503399, -3.276557, 4.312426)
6: (-0.441593, -1.133521, 5.040411) <-- table centroid
7: (-1.290000, 0.160000, 2.470000) <-- needle end

==== Table point coordinates (x, y, z) in cm for frame 2:
0: (-0.026070, -0.041985, 4.642364)
1: (-2.442039, 1.008071, 2.801203)
2: (-1.812117, -3.822735, 3.517213)
3: (0.192700, -1.719706, 4.891031)
4: (-3.508780, -0.110927, 2.070210)
5: (-3.097627, -3.264012, 2.537552)
6: (-1.782322, -1.325216, 3.409929) <-- table centroid
7: (0.000000, -1.450000, 1.000000) <-- needle end

==== Slider coordinates (x, y, z) in cm for frame 0:
Slider 0: (0.913683, 6.940114, 10.641080)
Slider 1: (-0.913683, 6.940114, 13.282734)
Slider 2: (5.553473, -4.261330, 8.210521)
Slider 3: (6.467157, -2.678784, 6.341343)
Slider 4: (-6.467157, -2.678784, 10.892699)
Slider 5: (-5.553473, -4.261330, 10.514188)

==== Slider coordinates (x, y, z) in cm for frame 1:
Slider 0: (0.913683, 6.940114, 10.275897)
Slider 1: (-0.913683, 6.940114, 11.058359)
Slider 2: (5.553473, -4.261330, 9.585543)
Slider 3: (6.467157, -2.678784, 10.774182)
Slider 4: (-6.467157, -2.678784, 12.791807)
Slider 5: (-5.553473, -4.261330, 11.140832)

==== Slider coordinates (x, y, z) in cm for frame 2:
Slider 0: (0.913683, 6.940114, 8.432767)
Slider 1: (-0.913683, 6.940114, 7.946589)
Slider 2: (5.553473, -4.261330, 6.608446)
Slider 3: (6.467157, -2.678784, 9.760463)
Slider 4: (-6.467157, -2.678784, 9.045460)
Slider 5: (-5.553473, -4.261330, 10.085676)
